Id,Prediction
1,4
2,8
3,9
4,8
5,2
6,9
7,9
8,1
9,6
10,1
11,2
12,8
13,3
14,9
15,9
16,9
17,9
18,9
19,2
20,9
21,9
22,4
23,5
24,9
25,9
26,9
27,0
28,7
29,9
30,8
31,2
32,9
33,6
34,9
35,7
36,8
37,9
38,7
39,9
40,9
41,6
42,9
43,9
44,6
45,9
46,9
47,2
48,7
49,8
50,7
51,9
52,9
53,9
54,9
55,2
56,9
57,9
58,6
59,0
60,9
61,5
62,5
63,2
64,0
65,5
66,9
67,3
68,8
69,9
70,9
71,7
72,2
73,9
74,8
75,2
76,4
77,9
78,7
79,9
80,6
81,9
82,9
83,2
84,0
85,8
86,8
87,9
88,0
89,9
90,4
91,2
92,6
93,9
94,9
95,8
96,2
97,3
98,9
99,9
100,9
101,9
102,2
103,1
104,9
105,4
106,9
107,9
108,9
109,7
110,3
111,9
112,9
113,9
114,9
115,9
116,4
117,7
118,7
119,9
120,9
121,7
122,9
123,9
124,9
125,3
126,6
127,4
128,7
129,3
130,5
131,9
132,9
133,9
134,5
135,7
136,9
137,2
138,9
139,9
140,9
141,3
142,3
143,0
144,9
145,9
146,9
147,9
148,9
149,9
150,9
151,9
152,9
153,4
154,2
155,6
156,9
157,3
158,9
159,6
160,9
161,2
162,0
163,7
164,9
165,6
166,9
167,6
168,9
169,0
170,9
171,3
172,8
173,9
174,7
175,5
176,9
177,9
178,7
179,8
180,4
181,5
182,9
183,6
184,0
185,7
186,2
187,2
188,6
189,7
190,2
191,2
192,3
193,9
194,9
195,6
196,9
197,6
198,9
199,9
200,5
201,9
202,9
203,7
204,9
205,0
206,6
207,6
208,9
209,3
210,7
211,9
212,7
213,3
214,8
215,9
216,7
217,1
218,3
219,7
220,9
221,9
222,7
223,9
224,7
225,7
226,2
227,9
228,8
229,8
230,0
231,0
232,9
233,7
234,0
235,9
236,9
237,7
238,2
239,2
240,9
241,9
242,9
243,7
244,2
245,5
246,9
247,4
248,9
249,7
250,8
251,6
252,8
253,0
254,9
255,2
256,7
257,5
258,9
259,0
260,3
261,6
262,1
263,6
264,9
265,8
266,9
267,7
268,9
269,7
270,6
271,9
272,9
273,9
274,9
275,6
276,9
277,9
278,8
279,9
280,8
281,8
282,0
283,9
284,9
285,0
286,0
287,9
288,9
289,9
290,7
291,2
292,2
293,0
294,0
295,8
296,9
297,9
298,4
299,9
300,9
301,4
302,6
303,3
304,9
305,9
306,3
307,4
308,0
309,3
310,5
311,9
312,4
313,5
314,9
315,7
316,7
317,3
318,7
319,9
320,9
321,5
322,7
323,3
324,4
325,8
326,6
327,5
328,9
329,2
330,9
331,9
332,9
333,4
334,7
335,3
336,9
337,9
338,3
339,7
340,9
341,9
342,8
343,9
344,9
345,9
346,9
347,3
348,2
349,9
350,9
351,6
352,3
353,6
354,5
355,2
356,3
357,4
358,7
359,2
360,9
361,5
362,7
363,9
364,4
365,9
366,3
367,9
368,9
369,9
370,9
371,9
372,9
373,9
374,9
375,9
376,4
377,7
378,7
379,7
380,0
381,7
382,2
383,8
384,9
385,2
386,8
387,8
388,6
389,9
390,9
391,3
392,9
393,2
394,9
395,3
396,9
397,9
398,7
399,7
400,9
401,9
402,7
403,6
404,0
405,9
406,9
407,8
408,9
409,4
410,4
411,9
412,7
413,7
414,3
415,9
416,6
417,9
418,4
419,8
420,9
421,3
422,9
423,9
424,9
425,3
426,7
427,3
428,9
429,9
430,0
431,0
432,0
433,8
434,9
435,9
436,9
437,4
438,4
439,6
440,2
441,9
442,4
443,9
444,6
445,2
446,9
447,6
448,7
449,9
450,2
451,0
452,9
453,5
454,9
455,3
456,3
457,9
458,9
459,9
460,9
461,9
462,9
463,0
464,9
465,9
466,2
467,2
468,9
469,2
470,5
471,8
472,9
473,9
474,2
475,9
476,9
477,9
478,8
479,2
480,9
481,9
482,9
483,7
484,8
485,9
486,2
487,3
488,7
489,1
490,9
491,7
492,4
493,2
494,9
495,0
496,6
497,7
498,6
499,9
500,3
501,9
502,9
503,3
504,9
505,9
506,5
507,2
508,9
509,0
510,5
511,7
512,6
513,7
514,9
515,8
516,0
517,9
518,9
519,0
520,7
521,2
522,9
523,9
524,9
525,9
526,4
527,7
528,1
529,2
530,9
531,9
532,9
533,9
534,9
535,9
536,7
537,7
538,2
539,8
540,9
541,9
542,2
543,9
544,8
545,3
546,8
547,6
548,9
549,5
550,2
551,1
552,4
553,9
554,3
555,9
556,3
557,7
558,9
559,6
560,7
561,9
562,9
563,9
564,3
565,7
566,9
567,8
568,9
569,9
570,9
571,9
572,9
573,9
574,9
575,4
576,3
577,9
578,9
579,8
580,3
581,9
582,9
583,4
584,9
585,5
586,0
587,4
588,4
589,6
590,9
591,7
592,9
593,9
594,3
595,1
596,9
597,3
598,0
599,5
600,0
601,9
602,9
603,9
604,7
605,8
606,7
607,9
608,1
609,0
610,7
611,8
612,1
613,9
614,9
615,0
616,9
617,9
618,9
619,9
620,7
621,9
622,7
623,7
624,7
625,9
626,3
627,3
628,7
629,8
630,0
631,7
632,9
633,9
634,9
635,9
636,5
637,8
638,9
639,6
640,7
641,9
642,3
643,7
644,6
645,9
646,7
647,9
648,7
649,9
650,9
651,9
652,9
653,7
654,9
655,9
656,9
657,9
658,9
659,9
660,3
661,9
662,5
663,9
664,9
665,2
666,9
667,1
668,9
669,2
670,9
671,9
672,9
673,8
674,9
675,9
676,9
677,7
678,9
679,8
680,4
681,9
682,9
683,8
684,3
685,9
686,9
687,9
688,9
689,9
690,6
691,7
692,6
693,9
694,7
695,9
696,9
697,9
698,9
699,7
700,3
701,1
702,2
703,7
704,7
705,9
706,9
707,9
708,9
709,5
710,7
711,9
712,2
713,8
714,9
715,9
716,9
717,2
718,9
719,9
720,9
721,9
722,9
723,4
724,2
725,9
726,9
727,3
728,9
729,2
730,5
731,4
732,0
733,9
734,0
735,9
736,9
737,6
738,2
739,9
740,5
741,9
742,2
743,9
744,7
745,8
746,9
747,2
748,2
749,9
750,4
751,5
752,3
753,9
754,9
755,6
756,9
757,0
758,9
759,9
760,9
761,6
762,3
763,8
764,4
765,9
766,9
767,9
768,7
769,9
770,0
771,9
772,9
773,3
774,9
775,5
776,9
777,2
778,9
779,8
780,2
781,3
782,6
783,9
784,6
785,4
786,8
787,7
788,9
789,7
790,9
791,9
792,9
793,9
794,3
795,7
796,5
797,6
798,0
799,9
800,4
801,9
802,9
803,9
804,0
805,9
806,9
807,9
808,9
809,6
810,9
811,9
812,9
813,3
814,3
815,9
816,7
817,6
818,2
819,2
820,9
821,9
822,8
823,9
824,6
825,3
826,9
827,3
828,9
829,9
830,9
831,6
832,9
833,9
834,9
835,3
836,2
837,9
838,9
839,9
840,9
841,8
842,3
843,9
844,8
845,9
846,9
847,0
848,2
849,4
850,9
851,9
852,6
853,7
854,9
855,0
856,9
857,2
858,8
859,0
860,3
861,8
862,9
863,9
864,9
865,9
866,0
867,6
868,9
869,9
870,9
871,9
872,5
873,9
874,7
875,2
876,7
877,7
878,9
879,8
880,9
881,9
882,7
883,9
884,0
885,9
886,4
887,9
888,5
889,7
890,9
891,9
892,6
893,2
894,9
895,4
896,9
897,4
898,8
899,7
900,9
901,9
902,0
903,5
904,7
905,3
906,0
907,4
908,9
909,5
910,3
911,7
912,3
913,8
914,1
915,9
916,5
917,1
918,9
919,8
920,9
921,9
922,7
923,9
924,2
925,9
926,9
927,5
928,6
929,9
930,7
931,4
932,1
933,9
934,8
935,9
936,6
937,1
938,9
939,4
940,9
941,9
942,9
943,4
944,4
945,9
946,3
947,9
948,1
949,3
950,7
951,9
952,9
953,4
954,9
955,9
956,9
957,9
958,4
959,9
960,7
961,7
962,9
963,7
964,9
965,6
966,7
967,9
968,1
969,9
970,9
971,7
972,7
973,9
974,9
975,2
976,9
977,7
978,1
979,3
980,9
981,7
982,6
983,6
984,4
985,7
986,5
987,9
988,3
989,9
990,8
991,9
992,8
993,9
994,3
995,3
996,9
997,9
998,7
999,9
1000,2
1001,8
1002,2
1003,6
1004,7
1005,8
1006,9
1007,3
1008,7
1009,7
1010,7
1011,9
1012,2
1013,9
1014,4
1015,7
1016,9
1017,9
1018,9
1019,2
1020,7
1021,9
1022,7
1023,2
1024,3
1025,6
1026,4
1027,9
1028,4
1029,6
1030,6
1031,3
1032,5
1033,9
1034,9
1035,8
1036,9
1037,9
1038,9
1039,2
1040,9
1041,4
1042,0
1043,6
1044,6
1045,8
1046,9
1047,8
1048,9
1049,9
1050,9
1051,8
1052,3
1053,9
1054,6
1055,9
1056,9
1057,3
1058,9
1059,5
1060,4
1061,0
1062,9
1063,9
1064,3
1065,8
1066,8
1067,8
1068,0
1069,9
1070,3
1071,3
1072,5
1073,4
1074,5
1075,6
1076,7
1077,0
1078,7
1079,8
1080,9
1081,9
1082,0
1083,9
1084,9
1085,9
1086,9
1087,7
1088,9
1089,8
1090,7
1091,6
1092,7
1093,9
1094,9
1095,1
1096,9
1097,3
1098,2
1099,9
1100,9
1101,2
1102,7
1103,9
1104,9
1105,9
1106,9
1107,4
1108,0
1109,9
1110,7
1111,7
1112,9
1113,4
1114,7
1115,0
1116,0
1117,7
1118,3
1119,5
1120,7
1121,9
1122,2
1123,4
1124,9
1125,9
1126,9
1127,9
1128,9
1129,7
1130,4
1131,3
1132,3
1133,7
1134,9
1135,9
1136,7
1137,2
1138,9
1139,6
1140,2
1141,3
1142,9
1143,9
1144,9
1145,7
1146,9
1147,9
1148,9
1149,7
1150,6
1151,6
1152,9
1153,2
1154,7
1155,7
1156,5
1157,9
1158,9
1159,5
1160,3
1161,1
1162,7
1163,9
1164,5
1165,0
1166,2
1167,7
1168,2
1169,9
1170,3
1171,7
1172,8
1173,9
1174,2
1175,9
1176,3
1177,9
1178,2
1179,9
1180,2
1181,9
1182,9
1183,9
1184,8
1185,5
1186,0
1187,9
1188,9
1189,4
1190,7
1191,9
1192,7
1193,7
1194,9
1195,8
1196,9
1197,8
1198,9
1199,9
1200,2
1201,7
1202,9
1203,9
1204,9
1205,2
1206,9
1207,6
1208,4
1209,2
1210,1
1211,9
1212,9
1213,7
1214,9
1215,9
1216,5
1217,9
1218,3
1219,9
1220,7
1221,6
1222,0
1223,2
1224,0
1225,9
1226,9
1227,2
1228,7
1229,9
1230,9
1231,3
1232,9
1233,9
1234,3
1235,4
1236,1
1237,9
1238,7
1239,9
1240,9
1241,9
1242,0
1243,9
1244,7
1245,6
1246,7
1247,7
1248,7
1249,9
1250,5
1251,7
1252,8
1253,3
1254,9
1255,9
1256,9
1257,7
1258,8
1259,9
1260,4
1261,9
1262,7
1263,9
1264,9
1265,2
1266,9
1267,4
1268,9
1269,9
1270,7
1271,9
1272,2
1273,7
1274,3
1275,9
1276,9
1277,9
1278,9
1279,6
1280,9
1281,9
1282,9
1283,9
1284,7
1285,5
1286,8
1287,7
1288,7
1289,7
1290,9
1291,7
1292,9
1293,2
1294,8
1295,8
1296,9
1297,9
1298,2
1299,9
1300,2
1301,9
1302,9
1303,4
1304,3
1305,9
1306,7
1307,9
1308,4
1309,0
1310,9
1311,7
1312,6
1313,9
1314,9
1315,9
1316,9
1317,7
1318,9
1319,6
1320,4
1321,9
1322,3
1323,9
1324,9
1325,9
1326,7
1327,9
1328,9
1329,9
1330,9
1331,7
1332,7
1333,2
1334,7
1335,7
1336,5
1337,7
1338,9
1339,9
1340,3
1341,6
1342,9
1343,9
1344,6
1345,9
1346,9
1347,1
1348,9
1349,8
1350,3
1351,8
1352,0
1353,6
1354,7
1355,9
1356,4
1357,9
1358,8
1359,9
1360,9
1361,9
1362,8
1363,7
1364,0
1365,9
1366,9
1367,9
1368,2
1369,4
1370,5
1371,0
1372,3
1373,2
1374,6
1375,8
1376,9
1377,0
1378,9
1379,2
1380,3
1381,1
1382,9
1383,9
1384,7
1385,9
1386,9
1387,2
1388,7
1389,7
1390,0
1391,0
1392,8
1393,9
1394,7
1395,6
1396,0
1397,5
1398,9
1399,3
1400,9
1401,2
1402,6
1403,9
1404,1
1405,2
1406,3
1407,3
1408,9
1409,2
1410,7
1411,9
1412,4
1413,9
1414,9
1415,9
1416,9
1417,6
1418,0
1419,5
1420,5
1421,2
1422,9
1423,2
1424,3
1425,2
1426,6
1427,9
1428,9
1429,9
1430,5
1431,9
1432,6
1433,7
1434,9
1435,9
1436,3
1437,2
1438,5
1439,9
1440,5
1441,9
1442,8
1443,9
1444,4
1445,5
1446,9
1447,9
1448,6
1449,5
1450,9
1451,3
1452,9
1453,9
1454,0
1455,3
1456,3
1457,8
1458,9
1459,9
1460,7
1461,6
1462,2
1463,9
1464,9
1465,9
1466,6
1467,9
1468,9
1469,2
1470,9
1471,9
1472,9
1473,5
1474,3
1475,3
1476,9
1477,6
1478,8
1479,9
1480,9
1481,9
1482,3
1483,7
1484,5
1485,9
1486,9
1487,9
1488,9
1489,7
1490,9
1491,9
1492,9
1493,3
1494,9
1495,5
1496,9
1497,7
1498,9
1499,0
1500,7
1501,2
1502,9
1503,9
1504,9
1505,9
1506,9
1507,7
1508,9
1509,3
1510,9
1511,2
1512,7
1513,9
1514,9
1515,9
1516,9
1517,9
1518,7
1519,3
1520,9
1521,9
1522,6
1523,9
1524,4
1525,7
1526,9
1527,8
1528,9
1529,9
1530,4
1531,9
1532,9
1533,8
1534,9
1535,5
1536,5
1537,1
1538,4
1539,7
1540,3
1541,9
1542,2
1543,5
1544,4
1545,0
1546,9
1547,9
1548,2
1549,9
1550,8
1551,9
1552,3
1553,9
1554,2
1555,9
1556,5
1557,9
1558,9
1559,1
1560,8
1561,9
1562,9
1563,6
1564,8
1565,7
1566,4
1567,9
1568,6
1569,9
1570,7
1571,9
1572,9
1573,9
1574,8
1575,4
1576,9
1577,9
1578,8
1579,5
1580,4
1581,3
1582,9
1583,9
1584,9
1585,3
1586,0
1587,9
1588,9
1589,9
1590,9
1591,5
1592,7
1593,4
1594,7
1595,7
1596,9
1597,4
1598,7
1599,5
1600,9
1601,9
1602,4
1603,4
1604,5
1605,7
1606,9
1607,7
1608,3
1609,7
1610,6
1611,9
1612,9
1613,0
1614,9
1615,9
1616,3
1617,7
1618,8
1619,9
1620,9
1621,8
1622,9
1623,1
1624,9
1625,9
1626,9
1627,9
1628,9
1629,9
1630,9
1631,7
1632,4
1633,4
1634,7
1635,9
1636,9
1637,2
1638,7
1639,5
1640,9
1641,5
1642,9
1643,4
1644,8
1645,9
1646,9
1647,9
1648,4
1649,9
1650,5
